0.1 8.264462809917354
0.10030032316960408 8.23521963986258
0.10060154827927015 8.206067717515023
0.10090367803773322 8.177006776682608
0.10120671516186322 8.148036551972641
0.10151066237668947 8.119156778789332
0.10181552241542523 8.090367193331366
0.10212129801949217 8.061667532589443
0.10242799193854513 8.03305753434385
0.10273560693049677 8.004536937162035
0.1030441457615424 7.9761054803961695
0.1033536112061849 7.947762904180736
0.10366400604725959 7.919508949430122
0.10397533307595926 7.89134335783623
0.10428759509185936 7.863265871866047
0.10460079490294308 7.835276234759296
0.10491493532562667 7.8073741905260166
0.10523001918478464 7.779559483944224
0.10554604931377534 7.751831860557511
0.10586302855446635 7.724191066672702
0.10618095975725997 7.696636849357498
0.106499845781119 7.6691689564381145
0.10681968949359229 7.641787136496962
0.10714049377084067 7.614491138870284
0.10746226149766269 7.587280713645857
0.10778499556752069 7.560155611660633
0.10810869888256668 7.533115584498472
0.10843337435366851 7.50616038448778
0.10875902490043608 7.479289764699251
0.10908565345124754 7.452503478943542
0.10941326294327565 7.425801281769002
0.10974185632251413 7.399182928459377
0.11007143654380423 7.3726481750315385
0.1104020065708613 7.346196778233222
0.11073356937630141 7.319828495540744
0.11106612794166804 7.293543085156767
0.11139968525745897 7.267340306008029
0.11173424432315311 7.241219917743124
0.11206980814723755 7.215181680730233
0.11240637974723454 7.1892253560549175
0.11274396214972862 7.163350705517885
0.11308255839039388 7.1375574916327755
0.11342217151402129 7.111845477623933
0.11376280457454596 7.086214427424226
0.11410446063507469 7.0606641056728225
0.11444714276791357 7.035194277713005
0.11479085405459546 7.0098047095899965
0.11513559758590781 6.984495168048749
0.11548137646192039 6.959265420531803
0.11582819379201324 6.934115235177097
0.11617605269490455 6.9090443808158035
0.11652495629867876 6.884052626970185
0.11687490774081472 6.859139743851434
0.11722591016821376 6.83430550235753
0.11757796673722815 6.809549674071112
0.1179310806136894 6.7848720312573185
0.11828525497293677 6.760272346861698
0.11864049299984575 6.735750394508057
0.11899679788885675 6.7113059484963635
0.11935417284400392 6.686938783800633
0.11971262107894375 6.662648676066828
0.12007214581698414 6.638435401610749
0.12043275029111332 6.614298737415975
0.12079443774402894 6.5902384611317455
0.12115721142816721 6.566254351070896
0.1215210746057322 6.5423461862077845
0.12188603054872504 6.51851374617623
0.12225208253897356 6.49475681126744
0.12261923386816156 6.471075162427962
0.12298748783785865 6.447468581257629
0.12335684775954972 6.4239368500075305
0.12372731695466486 6.4004797515779535
0.12409889875460918 6.377097069516363
0.12447159650079276 6.353788588015375
0.12484541354466072 6.330554091910726
0.12522035324772338 6.307393366679276
0.12559641898158633 6.284306198436984
0.12597361412798103 6.261292373936906
0.12635194207879497 6.2383516805672015
0.12673140623610232 6.215483906349144
0.12711201001219438 6.192688839935123
0.12749375682961042 6.169966270606672
0.12787665012116842 6.147315988272491
0.12826069332999582 6.1247377834664745
0.12864588990956058 6.102231447345756
0.12903224332370233 6.079796771688726
0.1294197570466633 6.057433548893108
0.12980843456311975 6.0351415719739885
0.13019827936821313 6.012920634561894
0.1305892949675817 5.990770530900825
0.13098148487739195 5.968691055846361
0.13137485262437018 5.946682004863707
0.13176940174583437 5.924743174025777
0.13216513578972577 5.902874360011297
0.132562058314641 5.881075360102871
0.13296017288986392 5.859345972185093
0.1333594830953978 5.8376859947426425
0.1337599925219975 5.816095226858391
0.1341617047712017 5.794573468211513
0.13456462345536543 5.773120519075602
0.13496875219769236 5.751736180316802
0.13537409463226754 5.7304202533919195
0.13578065440408996 5.709172540346571
0.13618843516910548 5.687992843813315
0.1365974405942395 5.666880967009792
0.13700767435743016 5.645836713736877
0.13741914014766118 5.6248598883768395
0.13783184166499532 5.603950295891487
0.13824578262060727 5.583107741820346
0.13866096673681744 5.562332032278825
0.1390773977471251 5.541622973956379
0.13949507939624212 5.5209803741147105
0.1399140154401266 5.500404040585935
0.1403342096460167 5.47989378177078
0.14075566579246443 5.4594494066367805
0.1411783876693697 5.4390707247164745
0.14160237907801423 5.418757546105619
0.1420276438310961 5.398509681461384
0.1424541857527636 5.378326942000581
0.14288200867864997 5.35820913949788
0.14331111645590763 5.338156086284036
0.143741512943243 5.31816759524411
0.144173202010951 5.29824347981572
0.14460618754094998 5.278383553987273
0.14504047342681653 5.258587632296211
0.14547606357382067 5.238855529827264
0.14591296189896083 5.219187062210694
0.14635117233099895 5.199582045620577
0.1467906988104961 5.180040296773049
0.14723154528984775 5.160561632924583
0.14767371573331928 5.141145871870272
0.14811721411708165 5.121792831942088
0.14856204442924734 5.102502332007187
0.14900821066990586 5.083274191466194
0.14945571685116 5.064108230251492
0.1499045669971619 5.045004268825518
0.15035476514414903 5.025962128179086
0.15080631534048067 5.006981629829674
0.1512592216466743 4.988062595819746
0.15171348813544203 4.969204848715078
0.15216911889172727 4.9504082116030705
0.1526261180127415 4.931672508091078
0.153084489608001 4.91299756230475
0.15354423779936396 4.894383198886358
0.1540053667210674 4.875829242993143
0.15446788051976448 4.857335520295665
0.15493178335456165 4.838901856976147
0.15539707939705616 4.820528079726835
0.15586377283137356 4.802214015748363
0.15633186785420522 4.783959492748113
0.1568013686748462 4.7657643389385855
0.15727227951523307 4.747628383035777
0.15774460460998177 4.7295514542575585
0.15821834820642589 4.711533382322055
0.15869351456465464 4.693573997446046
0.15917010795755127 4.6756731303433465
0.15964813267083158 4.657830612223207
0.16012759300308232 4.64004627478872
0.1606084932657999 4.622319950235224
0.16109083778342909 4.604651471248718
0.16157463089340202 4.587040671004272
0.16205987694617716 4.569487383164454
0.16254658030527835 4.551991441877747
0.1630347453473342 4.534552681776988
0.16352437646211723 4.517170937977792
0.16401547805258354 4.499846046076997
0.16450805453491232 4.482577842151106
0.16500211033854553 4.465366162754732
0.16549764990622784 4.448210844919052
0.1659946776940465 4.431111726150255
0.1664931981714713 4.414068644428022
0.16699321582139504 4.397081438203969
0.1674947351401736 4.380149946400131
0.1679977606376665 4.3632740084074255
0.16850229683727738 4.34645346408414
0.16900834827599476 4.329688153754406
0.1695159195044327 4.312977918206693
0.1700250150868719 4.296322598692295
0.17053563960130058 4.279722036923827
0.17104779763945577 4.263176075073725
0.17156149380686453 4.246684555772751
0.17207673272288537 4.230247322108501
0.17259351902074987 4.2138642176239145
0.17311185734760415 4.1975350863158
0.17363175236455097 4.181259772633338
0.17415320874669127 4.165038121476633
0.17467623118316652 4.148869978195221
0.17520082437720072 4.1327551885866125
0.1757269930461428 4.11669359889483
0.1762547419215089 4.100685055808951
0.17678407574902502 4.0847294064616495
0.17731499928866973 4.068826498427756
0.1778475173147169 4.052976179722803
0.1783816346157786 4.037178298801592
0.17891735599484826 4.021432704556749
0.17945468626934377 4.005739246317299
0.1799936302711509 3.990097773847235
0.1805341928466666 3.974508137344093
0.18107637885684286 3.95897018743753
0.18162019317723 3.9434837751879144
0.18216564069802088 3.928048752084907
0.18271272632409474 3.912664970046058
0.18326145497506124 3.8973322814154012
0.1838118315853049 3.882050538962055
0.18436386110402914 3.8668195958788285
0.1849175484953012 3.8516393057808274
0.18547289873809641 3.8365095227040635
0.1860299168263432 3.8214301011040814
0.1865886077689679 3.806400895854571
0.18714897658993976 3.7914217622459954
0.1877110283283162 3.776492555984215
0.18827476803828824 3.761613133189127
0.1888402007892255 3.746783350393302
0.1894073316657224 3.7320030645406184
0.18997616576764337 3.7172721329849088
0.19054670821016906 3.702590413488613
0.191118964123842 3.6879577642214327
0.1916929386546132 3.6733740437589755
0.1922686369638879 3.6588391110814302
0.1928460642285724 3.6443528255722226
0.19342522564112033 3.6299150470166865
0.19400612640957954 3.615525635600738
0.1945887717576389 3.6011844519095466
0.195173166924675 3.5868913569262224
0.19575931716579986 3.572646212030493
0.19634722775190744 3.558448878997401
0.19693690396972172 3.5442992199959824
0.19752835112184366 3.530197097587979
0.19812157452679946 3.516142374726524
0.1987165795190878 3.5021349147548513
0.19931337144922834 3.4881745814050036
0.19991195568380937 3.474261238796545
0.20051233760553644 3.4603947514352718
0.20111452261328058 3.4465749842119324
0.20171851612212688 3.4328018024009546
0.20232432356342317 3.4190750716591647
0.2029319503848288 3.4053946580245285
0.20354140205036386 3.3917604279148743
0.20415268404045808 3.378172248126636
0.20476580185200013 3.3646299858335973
0.20538076099838723 3.3511335085856344
0.20599756700957458 3.337682684307463
0.206616225432125 3.3242773812974002
0.20723674182925902 3.310917468226107
0.20785912178090485 3.297602814135366
0.20848337088374846 3.2843332884368333
0.2091094947512839 3.27110876091081
0.209737499013864 3.257929101705016
0.21036738931875074 3.244794181333365
0.21099917133016613 3.2317038706747403
0.2116328507293432 3.2186580409717864
0.212268433214577 3.2056565638296837
0.21290592450127588 3.1926993112149504
0.21354533032201295 3.1797861554542273
0.2141866564265775 3.1669169692330827
0.2148299085820268 3.1540916255948104
0.21547509257273784 3.1413099979392376
0.21612221420045957 3.128571960021527
0.2167712792843649 3.1158773859509967
0.21742229366110297 3.103226150189937
0.21807526318485185 3.0906181275524207
0.21873019372737101 3.0780531932031368
0.21938709117805413 3.0655312226562104
0.22004596144398225 3.0530520917740396
0.22070681044997653 3.0406156767661248
0.22136964413865196 3.028221854187908
0.2220344684704704 3.0158705009396143
0.22270128942379444 3.0035614942651017
0.22337011299494114 2.9912947117507
0.2240409451982357 2.9790700313240706
0.22471379206606598 2.966887331253061
0.22538865964893626 2.9547464901445637
0.22606555401552206 2.9426473869433787
0.22674448125272445 2.9305899009310816
0.22742544746572496 2.9185739117248892
0.2281084587780402 2.906599299276542
0.2287935213315774 2.8946659438711704
0.22948064128668919 2.882773726126185
0.23016982482222909 2.870922526990159
0.2308610781356073 2.859112227741707
0.2315544074428463 2.8473427099883892
0.23224981897863659 2.8356138556656005
0.23294731899639293 2.8239255470354663
0.23364691376831057 2.812277666685748
0.2343486095854216 2.8006700975287475
0.23505241275765165 2.7891027228002154
0.23575832961387624 2.7775754260582657
0.23646636650197828 2.7660880911822883
0.23717652978890455 2.754640602371869
0.23788882586072352 2.7432328441457163
0.23860326112268232 2.731864701340581
0.23931984199926465 2.7205360591101906
0.2400385749342483 2.709246802924181
0.2407594663907632 2.697996818567037
0.2414825228513498 2.6867859921370227
0.24220775081801682 2.6756142100451354
0.2429351568123002 2.664481359014045
0.2436647473753215 2.6533873260770506
0.24439652906784684 2.642331998577028
0.24513050847034568 2.631315264165396
0.2458666921830504 2.6203370108010624
0.2466050868260152 2.6093971267494025
0.24734569903917594 2.5984955005812194
0.24808853548240975 2.587632021171716
0.24883360283559483 2.576806577699469
0.2495809077986707 2.5660190596454067
0.25033045709169827 2.5552693567917917
0.25108225745492035 2.544557359221201
0.2518363156488225 2.533882957315514
0.25259263845419305 2.523246041754916
0.25335123267218523 2.5126465035168692
0.2541121051243773 2.5020842338751326
0.25487526265283444 2.491559124398752
0.25564071212017014 2.481071066951064
0.25640846040960785 2.470619953688711
0.25717851442504297 2.460205677060644
0.25795088109110487 2.4498281298071456
0.25872556735321933 2.439487204958836
0.2595025801776706 2.4291827958357097
0.2602819265516645 2.4189147960461463
0.26106361348339097 2.4086830994859434
0.2618476480020872 2.3984876003373494
0.2626340371581008 2.388328193068096
0.2634227880229531 2.3782047724304385
0.264213907689403 2.3681172334601897
0.2650074032715106 2.358065471475771
0.26580328190470104 2.3480493820772597
0.26660155074582886 2.3380688611454343
0.26740221697324235 2.3281238048408346
0.26820528778684793 2.3182141096028173
0.26901077040817506 2.3083396721486147
0.2698186720804412 2.2985003894723985
0.27062900006861684 2.2886961588443495
0.27144176165949063 2.27892687780973
0.27225696416173556 2.2691924441879485
0.2730746149059739 2.259492756071646
0.2738947212448436 2.249827711825772
0.2747172905530643 2.2401972100866665
0.2755423302275037 2.230601149761151
0.2763698476872438 2.221039430025614
0.2771998503736481 2.211511950325105
0.278032345750428 2.2020186103724333
0.27886734130371016 2.1925593101472654
0.2797048445421041 2.183133949895226
0.280544862996769 2.173742430127007
0.28138740422148234 2.1643846516174756
0.2822324757927069 2.155060515404787
0.28308008530965956 2.1457699227894964
0.2839302403943794 2.1365127753336823
0.28478294869179627 2.127288974860066
0.28563821786979937 2.118098423451138
0.2864960556193065 2.108941023448282
0.28735646965433304 2.099816677450914
0.28821946771206125 2.090725288315608
0.28908505755291014 2.0816667591552394
0.28995324696060476 2.0726409933381245
0.29082404374224674 2.0636478944871643
0.2916974557283842 2.0546873664789898
0.2925734907730821 2.045759313443117
0.29345215675399305 2.0368636397610946
0.2943334615724281 2.0280002500656655
0.29521741315342775 2.019169049239922
0.2961040194458333 2.01036994241647
0.29699328842235806 2.001602834976599
0.29788522807965945 1.9928676325494457
0.29877984643841055 1.9841642410111695
0.29967715154337254 1.9754925664841245
0.3005771514634668 1.96685251533604
0.30147985429184754 1.9582439941792045
0.30238526814597444 1.9496669098696457
0.3032934011676862 1.9411211695063184
0.304204261523273 1.9326066804302995
0.30511785740355035 1.9241233502239778
0.30603419702393264 1.9156710867102547
0.30695328862450727 1.9072497979517369
0.30787514047010833 1.8988593922499473
0.3087997608503912 1.8904997781445285
0.3097271580799068 1.8821708644124515
0.31065734049817695 1.8738725600672272
0.31159031646976887 1.865604774358121
0.3125260943843702 1.8573674167693774
0.31346468265686506 1.8491603970194321
0.31440608972740947 1.8409836250601421
0.3153503240615071 1.8328370110760126
0.3162973941500853 1.8247204654834277
0.3172473085095719 1.8166338989298818
0.3182000756819714 1.80857722229322
0.319155704234942 1.8005503466808712
0.32011420276187263 1.7925531834290973
0.3210755798819598 1.7845856441022385
0.3220398442402859 1.7766476404919553
0.3230070045078963 1.7687390846164868
0.32397706938187765 1.7608598887199023
0.32495004758543566 1.7530099652713629
0.32592594786797413 1.7451892269643743
0.32690477900517334 1.7373975867160578
0.32788654979906884 1.7296349576664138
0.3288712690781308 1.7219012531775912
0.32985894569734336 1.7141963868331611
0.33084958853828417 1.7065202724373918
0.3318432065092044 1.698872824014525
0.3328398085451086 1.6912539558080646
0.33383940360783537 1.6836635822800503
0.3348420006861377 1.6761016181103545
0.335847608795764 1.6685679781959661
0.3368562369795389 1.6610625776502888
0.3378678943074448 1.653585331802434
0.3388825898767034 1.64613615619652
0.3399003328118575 1.6387149665909757
0.3409211322648529 1.6313216789578453
0.34194499741512074 1.6239562094820954
0.3429719374696603 1.616618474560927
0.34400196166312164 1.6093083908030863
0.34503507925788857 1.602025875028185
0.3460712995441617 1.5947708442660193
0.34711063184004276 1.5875432157558897
0.34815308549161744 1.58034290694593
0.34919866987304027 1.5731698354924322
0.3502473943866182 1.5660239192591805
0.3512992684628957 1.5589050763167833
0.3523543015607393 1.5518132249420111
0.35341250316742284 1.5447482836171351
0.35447388279871234 1.5377101710292729
0.355538449998952 1.5306988060697313
0.35660621434115003 1.5237141078333538
0.3576771854270644 1.516755995617875
0.35875137288728964 1.5098243889232723
0.3598287863813428 1.502919207451126
0.3609094355977511 1.4960403711039727
0.3619933302541384 1.4891877999846759
0.363080480097313 1.4823614143957842
0.36417089490335486 1.4755611348389068
0.3652645844777041 1.4687868820140775
0.36636155865524866 1.4620385768191329
0.367461827300413 1.4553161403490882
0.3685654003072466 1.4486194938955181
0.3696722875995132 1.4419485589459369
0.37078249913077993 1.435303257183182
0.37189604488450667 1.4286835104848092
0.373012934874136 1.4220892409224752
0.3741331791431831 1.415520370761336
0.37525678776532634 1.408976822459441
0.37638377084449753 1.4024585186671341
0.3775141385149731 1.3959653822264524
0.3786479009414647 1.3894973361705365
0.3797850683192114 1.3830543037230298
0.3809256508740706 1.376636208297497
0.3820696588626106 1.3702429734968293
0.3832171025722022 1.3638745231126674
0.38436799232111185 1.3575307811248143
0.3855223384585941 1.3512116717006581
0.38668015136498474 1.3449171191945977
0.38784144145179383 1.3386470481474662
0.38900621916179995 1.332401383285963
0.3901744949691436 1.3261800495220848
0.3913462793794216 1.3199829719525582
0.39252158292978145 1.3138100758582811
0.39370041618901624 1.3076612867037605
0.39488278975765945 1.3015365301365551
0.39606871426808055 1.2954357319867214
0.3972582003845806 1.2893588182662608
0.39845125880348764 1.2833057151685736
0.3996479002532536 1.2772763490679089
0.40084813549455023 1.2712706465188228
0.40205197532036624 1.2652885342556361
0.40325943055610414 1.2593299391918968
0.4044705120596775 1.2533947884198449
0.40568523072160895 1.2474830092098756
0.40690359746512766 1.2415945290100145
0.40812562324626794 1.2357292754453841
0.4093513190539674 1.2298871763176837
0.4105806959101663 1.224068159604659
0.4118137648699063 1.2182721534595922
0.41305053702142935 1.212499086210778
0.41429102348627866 1.206748886361008
0.4155352354193978 1.2010214825870622
0.41678318400923103 1.195316803739198
0.4180348804778244 1.1896347788406414
0.41929033608092586 1.1839753370870862
0.4205495621080877 1.1783384078461874
0.42181256988276666 1.1727239206570659
0.42307937076242697 1.167131805229809
0.4243499761386416 1.1615619914449786
0.42562439743719527 1.156014409353117
0.42690264611818685 1.1504889891742593
0.42818473367613263 1.144985661297447
0.4294706716400695 1.1395043562802427
0.4307604715736588 1.13404500484825
0.4320541450752902 1.1286075378946328
0.4333517037781862 1.1231918864796393
0.434653159350506 1.1177979818301313
0.43595852349545167 1.1124257553391068
0.43726780795137227 1.1070751385652353
0.4385810244918701 1.1017460632323899
0.43989818492590604 1.0964384612291829
0.44121930109790625 1.0911522646085057
0.44254438488786835 1.0858874055870678
0.44387344821146835 1.0806438165449415
0.44520650302016795 1.0754214300251064
0.44654356130132156 1.0702201787330003
0.4478846350782846 1.065039995536067
0.4492297364105213 1.0598808134633106
0.4505788773937134 1.0547425657048513
0.4519320701598686 1.0496251856114833
0.45328932687742995 1.0445286066942352
0.4546506597513851 1.039452762623932
0.4560160810233764 1.0343975872307607
0.45738560297180997 1.0293630145038404
0.45875923791196754 1.0243489785907878
0.46013699819611625 1.0193554137972922
0.46151889621361986 1.0143822545866916
0.46290494439105023 1.0094294355795461
0.46429515519229936 1.0044968915532204
0.465689541118691 0.9995845574414643
0.4670881147090932 0.9946923683339975
0.4684908885400315 0.9898202594760952
0.4698978752258012 0.9849681662681782
0.4713090874185814 0.980136024265403
0.47272453780854895 0.9753237691772553
0.47414423912399173 0.9705313368671468
0.475568204131424 0.9657586633520118
0.47699644563570054 0.9610056848019092
0.4784289764801324 0.9562723375396234
0.4798658095466019 0.9515585580402699
0.48130695775567844 0.9468642829309049
0.4827524340667352 0.9421894489901296
0.4842022514780651 0.9375339931477067
0.4856564230269984 0.9328978524841716
0.4871149617900188 0.9282809642304505
0.48857788088288223 0.9236832657674775
0.49004519346073405 0.9191046946258153
0.4915169127182276 0.9145451884852789
0.49299305188964315 0.9100046851745589
0.4944736242490059 0.9054831226708518
0.4959586431102066 0.9009804390994874
0.4974481218271205 0.8964965727335598
0.49894207379372757 0.8920314619935631
0.5004405124442332 0.8875850454470262
0.5019434512531885 0.8831572618081514
0.5034509037356121 0.8787480499374544
0.5049628834471113 0.8743573488414071
0.5064794039840037 0.8699850976720829
0.5080004789834403 0.8656312357268011
0.5095261221235271 0.8612957024477784
0.5110563471234493 0.8569784374217776
0.5125911677435931 0.8526793803797633
0.5141305977856712 0.8483984711965546
0.5156746510928454 0.8441356498904828
0.5172233415498522 0.8398908566230515
0.5187766830831267 0.8356640316985982
0.5203346896609288 0.8314551155639568
0.5218973752934679 0.8272640488081234
0.5234647540330296 0.8230907721619242
0.5250368399741018 0.8189352264976836
0.5266136472535011 0.8147973528288986
0.5281951900505003 0.8106770923099111
0.5297814825869562 0.8065743862355815
0.5313725391274369 0.802489176040969
0.5329683739793499 0.7984214033010109
0.534569001493072 0.7943710097302026
0.5361744360620767 0.790337937182283
0.5377846921230651 0.786322127649918
0.5393997841560946 0.7823235232643913
0.5410197266847095 0.7783420662952903
0.5426445342760723 0.7743776991501992
0.5442742215410935 0.770430364374392
0.5459088031345636 0.7665000046505287
0.5475482937552848 0.7625865627983506
0.5491927081462037 0.7586899817743809
0.5508420610945428 0.7548102046716243
0.5524963674319343 0.7509471747192717
0.5541556420345531 0.7471008352824036
0.5558198998232511 0.7432711298616959
0.5574891557636904 0.7394580020931304
0.559163424866479 0.7356613957477027
0.5608427221873046 0.7318812547311375
0.5625270628270712 0.728117523083599
0.5642164619320341 0.7243701449794091
0.5659109346939364 0.720639064726763
0.5676104963501452 0.7169242267674512
0.5693151621837893 0.7132255756765781
0.5710249475238961 0.7095430561622865
0.5727398677455299 0.7058766130654813
0.5744599382699294 0.7022261913595572
0.5761851745646472 0.6985917361501249
0.5779155921436884 0.6949731926747447
0.5796512065676505 0.6913705063026525
0.5813920334438627 0.6877836225344992
0.5831380884265268 0.6842124870020824
0.5848893872168579 0.6806570454680843
0.5866459455632252 0.6771172438258093
0.5884077792612946 0.6735930280989249
0.590174904154169 0.6700843444412048
0.5919473361325325 0.66659113913627
0.5937250911347925 0.6631133585973352
0.5955081851472233 0.6596509493669567
0.5972966342041091 0.6562038581167793
0.5990904543878891 0.6527720316472873
0.6008896618293023 0.6493554168875549
0.6026942727075313 0.6459539608950022
0.6045043032503487 0.6425676108551478
0.606319769734263 0.6391963140813661
0.608140688484665 0.6358400180146453
0.6099670758759742 0.6324986702233467
0.6117989483317862 0.6291722184029672
0.6136363223250205 0.625860610375901
0.6154792143780687 0.6225637940912041
0.6173276410629431 0.6192817176243594
0.6191816190014254 0.6160143291770455
0.6210411648652163 0.612761577076905
0.6229062953760854 0.6095234097773148
0.6247770273060222 0.6062997758571561
0.6266533774773858 0.6030906240205915
0.6285353627630568 0.5998959030968374
0.6304230000865891 0.5967155620399388
0.6323163064223621 0.5935495499285508
0.6342152987957332 0.5903978159657132
0.6361199942831904 0.5872603094786358
0.6380304100125069 0.584136979918476
0.6399465631628942 0.5810277768601254
0.6418684709651575 0.5779326500019915
0.6437961507018491 0.5748515491657874
0.6457296197074259 0.5717844242963158
0.6476688953684034 0.5687312254612605
0.6496139951235134 0.5656919028509741
0.6515649364638602 0.5626664067782714
0.653521736933077 0.5596546876782231
0.655484414127486 0.5566566961079465
0.6574529856962542 0.5536723827464047
0.6594274693415539 0.5507016983942002
0.6614078828187203 0.5477445939733768
0.6633942439364126 0.5448010205272147
0.6653865705567733 0.5418709292200341
0.6673848805955893 0.538954271336995
0.6693891920224523 0.5360509982839035
0.6713995228609211 0.5331610615870119
0.6734158911886835 0.5302844128928278
0.6754383151377189 0.5274210039679189
0.6774668128944609 0.5245707866987215
0.6795014026999611 0.521733713091351
0.6815421028500537 0.5189097352714093
0.683588931695519 0.5160988054837996
0.6856419076422497 0.5133008760925366
0.6877010491514146 0.5105158995805626
0.6897663747396265 0.5077438285495601
0.6918379029791076 0.5049846157197697
0.6939156524978569 0.5022382139298063
0.6959996419798172 0.4995045761364789
0.6980898901650439 0.49678365541460834
0.7001864158498731 0.49407540495684815
0.7022892378870905 0.49137977807350774
0.7043983751861013 0.4886967281923728
0.7065138467130997 0.4860262088585309
0.7086356714912401 0.48336817373419516
0.7107638686008078 0.48072257659853057
0.71289845717939 0.478089371347481
0.7150394564220497 0.4754685119935959
0.717186885581496 0.47285995266586117
0.7193407639682592 0.4702636476095267
0.7215011109508627 0.4676795511859397
0.7236679459559988 0.46510761787237365
0.7258412884687024 0.46254780226186365
0.7280211580325266 0.4600000590630387
0.7302075742497183 0.4574643430999567
0.7324005567813939 0.45494060931194025
0.7346001253477176 0.4524288127534129
0.7368062997280772 0.4499289085937362
0.7390190997612631 0.44744085211704865
0.7412385453456456 0.4449645987221052
0.7434646564393547 0.44250010392211614
0.7456974530604592 0.4400473233445889
0.7479369552871472 0.43760621273116934
0.7501831832579056 0.4351767279374856
0.7524361571717026 0.4327588249329888
0.7546958972881678 0.43035245980080133
0.7569624239277754 0.4279575887375587
0.759235757472027 0.4255741680532563
0.7615159183636344 0.423202154171097
0.7638029271067035 0.42084150362733797
0.766096804266919 0.41849217307113845
0.7683975704717287 0.41615411926440976
0.7707052464105301 0.4138272990816643
0.7730198528348553 0.4115116695098667
0.7753414105585575 0.4092071876482851
0.7776699404579999 0.40691381070834187
0.7800054634722413 0.40463149601346793
0.782348000603226 0.402360200998955
0.7846975729159715 0.4000998832118102
0.7870542015387589 0.39785050031061076
0.7894179076633221 0.39561201006535923
0.7917887125450389 0.3933843703573396
0.7941666375031214 0.3911675391789745
0.7965517039208088 0.3889614746336822
0.7989439332455589 0.3867661349357339
0.8013433469892413 0.38458147841011375
0.8037499667283307 0.382407463492377
0.8061638141041008 0.38024404872851014
0.8085849108228191 0.37809119277479186
0.8110132786559424 0.37594885439765313
0.813448939440312 0.37381699247353894
0.8158919150783499 0.3716955659887715
0.8183422275382564 0.36958453403941166
0.8207998988542077 0.3674838558311224
0.8232649511265537 0.36539349067903254
0.8257374065220162 0.36331339800760204
0.8282172872738895 0.361243537350485
0.8307046156822392 0.35918386835039634
0.8331994141141037 0.35713435075897676
0.8357017050036936 0.3550949444366601
0.8382115108525959 0.35306560935253817
0.8407288542299745 0.35104630558422995
0.8432537577727738 0.3490369933177476
0.8457862441859224 0.34703763284736533
0.8483263362425367 0.3450481845754886
0.8508740567841262 0.3430686090125213
0.8534294287207991 0.3410988667767362
0.8559924750314676 0.33913891859414486
0.8585632187640542 0.33718872529836785
0.861141683035701 0.33524824783050405
0.8637278910329758 0.3333174472390027
0.8663218660120802 0.3313962846795348
0.8689236312990607 0.32948472141486373
0.8715332102900167 0.3275827188147182
0.8741506264513117 0.32569023835566413
0.8767759033197845 0.3238072416209769
0.879409064502959 0.3219336903005164
0.8820501336792598 0.32006954619059663
0.8846991345982222 0.31821477119386266
0.8873560910807072 0.3163693273191632
0.8900210270191155 0.3145331766814243
0.8926939663776019 0.3127062815015246
0.8953749331922913 0.31088860410616975
0.8980639515714947 0.3090801069277677
0.900761045695926 0.3072807525043028
0.9034662398189186 0.30549050347921336
0.9061795582666454 0.30370932260126493
0.908901025438336 0.30193717272442794
0.9116306658064961 0.30017401680775346
0.9143685039171289 0.29841981791524874
0.917114564389954 0.29667453921575515
0.9198688719186303 0.29493814398282375
0.9226314512709779 0.2932105955945923
0.9254023272891989 0.29149185753366363
0.9281815248901035 0.28978189338698146
0.9309690690653327 0.28808066684570816
0.9337649848815831 0.28638814170510263
0.9365692974808324 0.2847042818643978
0.9393820320805653 0.2830290513266786
0.9422032139740006 0.28136241419875996
0.9450328685303191 0.27970433469106437
0.9478710211948895 0.2780547771175012
0.9507176974895004 0.27641370589534375
0.9535729230125876 0.27478108554510816
0.9564367234394651 0.2731568806904321
0.9593091245225557 0.27154105605795287
0.9621901520916227 0.26993357647718647
0.9650798320540025 0.26833440688040583
0.9679781903948366 0.26674351230252
0.9708852531773069 0.26516085788095234
0.9738010465428673 0.26358640885552037
0.9767255967114823 0.2620201305683132
0.9796589299818605 0.2604619884635714
0.9826010727316912 0.2589119480875659
0.9855520514178825 0.25736997508847614
0.9885118925767986 0.25583603521626985
0.9914806228244983 0.2543100943225815
0.9944582688569753 0.25279211836059096
0.9974448574503962 0.25128207338490316
1.000440415461344 0.24977992555142609
1.0034449698270576 0.24828564111724982
1.0064585475656747 0.24679918644052593
1.0094811757764748 0.24532052798034526
1.012512881640123 0.2438496322966171
1.0155536924189141 0.24238646604994762
1.0186036354570176 0.240930996001519
1.0216627381807248 0.2394831890129666
1.0247310280986928 0.23804301204625933
1.027808532802195 0.23661043216357586
1.0308952799653675 0.23518541652718422
1.0339912973454581 0.2337679323993192
1.0370966127830763 0.23235794714206062
1.0402112542024426 0.2309554282172118
1.0433352496116415 0.229560343186176
1.0464686271028723 0.22817265970983505
1.0496114148526996 0.22679234554842745
1.0527636411223111 0.22541936856142394
1.055925334257769 0.22405369670740627
1.0590965226902642 0.22269529804394395
1.0622772349363738 0.22134414072747086
1.065467499598317 0.22000019301316207
1.068667345364212 0.21866342325481106
1.0718768010083333 0.2173337999047055
1.0750958953913725 0.2160112915135035
1.078324657460695 0.2146958667301109
1.0815631162506032 0.21338749430155532
1.0848113008825955 0.21208614307286305
1.0880692405656291 0.2107917819869345
1.0913369645963826 0.2095043800844193
1.094614502359519 0.2082239065035912
1.097901883327951 0.20695033048022343
1.1011991370631047 0.20568362134746282
1.104506293215185 0.20442374853570525
1.1078233815234453 0.20317068157246834
1.1111504318164513 0.2019243900822669
1.1144874740123518 0.20068484378648557
1.117834538119146 0.19945201250325315
1.1211916542349543 0.19822586614731527
1.1245588525482888 0.19700637472990784
1.127936163338325 0.19579350835862935
1.1313236169751735 0.19458723723731378
1.1347212439201526 0.19338753166590258
1.1381290747260642 0.19219436204031662
1.1415471400374668 0.1910076988523279
1.1449754705909518 0.18982751268943107
1.1484140972154195 0.18865377423471416
1.1518630508323568 0.18748645426672986
1.1553223624561146 0.18632552365936578
1.1587920631941877 0.1851709533817148
1.1622721842474928 0.18402271449794513
1.1657627569106512 0.18288077816716936
1.169263812572269 0.18174511564331466
1.1727753827152194 0.18061569827499108
1.176297498916926 0.1794924975053605
1.1798301928496464 0.17837548487200533
1.183373496280758 0.17726463200679585
1.1869274410730428 0.17615991063575878
1.1904920591849744 0.1750612925789438
1.1940673826710033 0.17396874975029178
1.1976534436818491 0.17288225415750036
1.2012502744647868 0.171801777901891
1.2048579073639367 0.170727293178275
1.2084763748205574 0.16965877227481882
1.2121057093733345 0.1685961875729101
1.2157459436586764 0.16753951154702196
1.2193971104110055 0.16648871676457835
1.2230592424630522 0.16544377588581816
1.2267323727461525 0.16440466166365886
1.2304165342905429 0.16337134694356006
1.2341117602256566 0.16234380466338744
1.2378180837804227 0.1613220078532749
1.2415355382835644 0.16030592963548726
1.2452641571638985 0.15929554322428258
1.2490039739506364 0.1582908219257737
1.252755022273686 0.15729173913778963
1.2565173358639525 0.15629826834973667
1.2602909485536435 0.15531038314245876
1.2640758942765729 0.15432805718809803
1.2678722070684652 0.15335126424995435
1.2716799210672622 0.152379978182345
1.2754990705134297 0.15141417293046372
1.2793296897502662 0.150453822530239
1.2831718132242105 0.14949890110819314
1.2870254754851513 0.14854938288129949
1.2908907111867398 0.14760524215684023
1.2947675550867004 0.146666453332263
1.2986560420471418 0.14573299089503838
1.3025562070348724 0.14480482942251574
1.3064680851217139 0.14388194358177897
1.310391711484817 0.14296430812950225
1.3143271214069776 0.1420518979118051
1.318274350276953 0.14114468786410705
1.3222334335897818 0.14024265301098193
1.3262044069471033 0.13934576846601135
1.3301873060574756 0.13845400943163888
1.3341821667366982 0.13756735119902247
1.338189024908134 0.13668576914788738
1.3422079166030318 0.1358092387463783
1.3462388779608505 0.1349377355509113
1.3502819452295853 0.13407123520602465
1.3543371547660903 0.133209713444231
1.3584045430364091 0.13235314608586682
1.3624841466161017 0.13150150903894267
1.366576002190572 0.13065477829899363
1.370680146555399 0.1298129299489279
1.3747966166166679 0.12897594015887598
1.3789254493913006 0.1281437851860392
1.38306668200739 0.12731644137453774
1.3872203517045323 0.12649388515525825
1.391386495834164 0.125676093045701
1.395565151859896 0.12486304164982671
1.3997563573578513 0.1240547076579031
1.403960150017003 0.12325106784635062
1.4081765676395117 0.12245209907758833
1.4124056481410685 0.12165777829987848
1.4166474295512324 0.12086808254717192
1.4209019500137758 0.12008298893895156
1.425169247787023 0.11930247468007742
1.4294493612441992 0.1185265170606289
1.433742328873773 0.1177550934557482
1.4380481892798018 0.11698818132548344
1.4423669811822806 0.11622575821463031
1.4466987434174896 0.11546780175257396
1.451043514938343 0.11471428965313063
1.4554013348147405 0.11396519971438812
1.459772242233916 0.11322050981854712
1.4641562765007932 0.11248019793176058
1.4685534770383373 0.11174424210397371
1.4729638833879095 0.11101262046876349
1.477387535209623 0.11028531124317727
1.4818244722826999 0.10956229272757147
1.4862747345058278 0.1088435433054495
1.4907383618975203 0.1081290414432995
1.495215394596475 0.10741876569043175
1.499705872861935 0.10671269467881543
1.5042098370740522 0.10601080712291495
1.508727327734249 0.1053130818195261
1.5132583854655832 0.10461949764761173
1.5178030510131126 0.10393003356813713
1.5223613652442625 0.10324466862390452
1.5269333691491918 0.10256338193938794
1.5315191038411633 0.10188615272056688
1.5361186105569107 0.10121296025476055
1.5407319306570129 0.10054378391046047
1.5453591056262639 0.09987860313716362
1.5500001770740457 0.0992173974652051
1.554655186734703 0.09856014650559015
1.5593241764679187 0.09790682994982564
1.5640071882590894 0.0972574275697518
1.5687042642197044 0.09661191921737275
1.573415446587724 0.09597028482468727
1.5781407777279561 0.09533250440351936
1.5828803001324427 0.09469855804534726
1.5876340564208387 0.09406842592113351
1.5924020893407953 0.09344208828115373
1.597184441768345 0.09281952545482548
1.6019811567082867 0.0922007178505365
1.6067922772945726 0.09158564595547274
1.6116178467906974 0.09097429033544567
1.616457908590084 0.09036663163472003
1.6213125062164773 0.08976265057584032
1.6261816833243339 0.08916232795945726
1.631065483699214 0.08856564466415436
1.6359639512581774 0.0879725816462732
1.6408771300501757 0.08738311993973935
1.6458050642564506 0.0867972406558872
1.6507477981909293 0.0862149249832849
1.6557053763006266 0.08563615418755835
1.6606778431660374 0.08506090961121629
1.665665243501546 0.08448917267347275
1.670667622155823 0.08392092487007138
1.67568502411223 0.08335614777310817
1.6807174944892247 0.08279482303085423
1.6857650785407643 0.08223693236757837
1.6908278216567165 0.08168245758336883
1.6959057693632638 0.08113138055395548
1.7009989673233137 0.0805836832305311
1.7061074613369116 0.0800393476395724
1.7112312973416497 0.07949835588266108
1.7163705214130829 0.07896069013630408
1.7215251797651405 0.07842633265175403
1.7266953187505434 0.07789526575482901
1.7318809848612198 0.07736747184573238
1.7370822247287248 0.07684293339887173
1.7422990851246596 0.07632163296267803
1.7475316129610885 0.07580355315942479
1.7527798552909664 0.07528867668504577
1.7580438593085574 0.07477698630895367
1.7633236723498626 0.07426846487385767
1.7686193418930423 0.07376309529558131
1.7739309155588463 0.07326086056287949
1.7792584411110388 0.07276174373725595
1.7846019664568322 0.0722657279527794
1.7899615396473114 0.0717727964159009
1.795337208877874 0.07128293240526916
1.8007290224886572 0.0707961192715472
1.8061370289649752 0.07031234043722792
1.8115612769377554 0.0698315793964493
1.8170018151839746 0.06935381971481011
1.8224586926270985 0.06887904502918452
1.8279319583375218 0.0684072390475369
1.8334216615330066 0.06793838554873667
1.8389278515791299 0.06747246838237209
1.8444505779897242 0.0670094714685645
1.849989890427323 0.0665493787977823
1.855545838703609 0.06609217443065427
1.8611184727798602 0.0656378424977831
1.8667078427673993 0.06518636719955856
1.872313998928046 0.06473773280597034
1.877936991674568 0.06429192365642082
1.8835768715711323 0.0638489241595378
1.8892336893337636 0.06340871879298642
1.8949074958307985 0.06297129210328149
1.9005983420833426 0.06253662870559963
1.9063062792657293 0.0621047132835907
1.9120313587059812 0.06167553058918948
1.9177736318862708 0.061249065442427024
1.9235331504433835 0.06082530273124186
1.92930996616918 0.06040422741129117
1.935104131011066 0.059985824505761336
1.9409156970724575 0.0595700791051787
1.9467447166132485 0.059156976367220226
1.9525912420502807 0.05874650151652382
1.9584553259578177 0.058338639844498295
1.9643370210680136 0.057933376709133816
1.970236380271391 0.05753069753481137
1.9761534566173151 0.05713058781211277
1.9820883033144687 0.0567330330976303
1.9880409737313336 0.05633801901377607
1.9940115213966711 0.05594553124859125
1.9999999999999998 0.055555555555555566